66.021385,759.0922
971.78467,379.37415
606.1034,524.62494
712.95807,984.8159
321.3143,647.9948
300.835,548.05554
665.74084,449.27612
835.5034,605.9513
490.97156,72.76882
632.3583,189.95152
354.55826,475.2355
311.98367,299.24747
909.0569,156.65166
686.3883,655.5771
892.3073,193.4353
753.7583,657.558
861.6829,951.50635
439.08786,97.93362
93.36135,580.1581
199.49135,258.8765
2.2376804,17.60685
250.69849,458.49817
28.921011,775.2169
965.17725,985.97504
187.32741,209.78346
942.52563,633.20593
369.70087,341.88577
359.21857,707.6757
65.46498,533.2089
467.49118,494.20645
366.12833,496.86212
532.08575,622.53656
0.53677475,182.10724
68.78365,693.1746
673.086,48.54203
980.0908,815.73364
162.07841,124.66596
71.1381,421.9589
476.22852,31.889986
472.80612,829.92004
864.39087,847.4333
699.27655,556.34656
626.9058,278.18375
423.6594,300.84286
486.52805,122.481384
568.04016,858.7279
742.7231,407.91632
973.23596,958.50037
555.1875,910.61707
738.74506,165.44112
480.76944,985.13556
304.82034,544.61926
822.5348,763.9209
486.29172,734.5781
440.54648,821.5034
961.7074,447.23462
420.99356,340.8966
171.56097,180.03313
403.62732,668.3552
185.8148,103.152725
427.03198,897.511
863.6261,667.5753
867.07825,785.04114
547.1283,469.07852
415.97717,867.4066
606.31354,298.7266
77.67372,121.83032
383.51035,112.18905
839.8884,894.5682
473.64264,858.22577
23.936007,105.65937
820.4042,720.9337
310.5212,931.7234
808.6765,350.8603
93.030785,267.00635
389.96384,86.843056
119.41234,267.76016
290.31433,3.44725
349.55008,196.17152
519.1418,858.1268
577.1182,597.4413
722.5571,657.7442
643.21344,567.2459
406.26535,615.84296
3.6369834,496.69745
690.7775,730.0715
2.5190394,218.04944
55.633377,73.418945
452.04626,916.78046
479.52588,163.42744
21.37569,524.3191
489.66357,450.30597
497.38715,560.55707
896.4023,47.87725
195.74689,556.42944
408.123,320.5477
672.8263,254.22574
896.52783,834.99725
417.3385,756.92535
813.972,487.0453
385.12708,677.7367
152.1442,322.1553
81.36111,127.14982
375.35324,682.29895
391.4608,67.196846
961.8749,832.40924
515.3983,161.24641
543.25696,146.40817
169.58972,752.5409
144.17747,265.80414
686.4122,15.819239
694.39386,383.11115
763.4532,643.74976
809.51965,947.8493
392.91727,653.5304
818.8066,644.6453
936.187,28.897705
155.80928,450.95746
399.35425,948.9168
521.75134,946.2099
712.60925,297.3093
681.6102,814.626
219.69458,994.7075
359.38086,660.81146
643.2016,451.1073
461.67523,840.1424
507.30722,96.922935
777.75964,995.2745
371.61926,518.43317
379.32648,385.59482
258.11902,197.03668
174.74323,898.19727
337.75964,231.62123
460.21622,836.9692
284.09973,709.482
854.2524,200.63535
698.42145,583.60724
701.9974,181.11362
664.1029,12.783415
892.47345,40.292683
797.58514,125.85352
44.43649,356.3523
129.09395,82.595535
185.51633,870.00287
768.3468,121.071495
374.4997,806.52905
588.79694,4.9292154
198.06137,601.28094
98.53517,914.0224
710.943,414.2626
256.7909,357.84753
182.5259,683.7272
242.04509,133.6783
962.9381,239.19441
81.08691,699.912
888.2824,171.06447
607.91656,590.0239
907.26575,737.0106
437.21777,653.6603
30.458965,74.58973
509.19232,978.78094
278.6062,385.0187
290.8709,322.39764
37.853764,554.8217
903.5839,757.33606
117.45995,890.06134
287.09595,28.581694
849.49414,752.1254
7.978893,805.15375
770.2288,404.54706
473.1184,612.0833
779.3725,307.0952
118.81862,731.955
185.98874,426.38037
611.79047,776.60406
718.8891,871.47687
220.37975,946.94385
404.48596,308.5721
292.7103,222.5315
196.53424,160.41109
212.98926,852.36194
379.88763,554.3108
298.04083,554.51385
64.34003,346.77878
843.20514,774.6535
534.8177,323.27704
930.06006,202.03531
830.6336,848.42957
667.99335,496.52118
689.21014,824.98175
257.47287,841.2727
908.62274,809.0749
634.93304,503.15417
258.51016,524.9094
487.5167,56.515583
300.34552,823.62695
110.480255,305.91006
865.7545,339.2482
920.89197,229.43002
485.51465,708.76483
438.3226,456.73163
762.0631,243.98688
196.54823,894.44855
534.7882,369.50867
359.85513,116.57951
700.0718,974.1618
783.35767,48.56629
716.9981,62.58343
878.809,291.16245
154.83868,739.03326
925.707,153.82526
119.867004,607.35376
402.0646,97.246124
36.754986,128.97327
500.03912,820.7681
53.745293,345.11044
238.67943,672.82166
290.99112,639.8467
489.3758,411.14194
257.8996,897.4905
789.1632,594.41547
28.009964,490.66544
32.8523,48.13429
178.8836,24.811743
7.0302925,914.8215
79.67816,660.2986
257.29578,772.42175
840.52264,135.10309
964.66144,184.53662
125.50692,319.01834
347.87814,832.3132
75.04326,244.61203
605.5058,70.18173
783.5533,80.664085
564.875,346.26788
134.87933,440.57016
14.6547,433.18802
310.5136,751.205
163.56186,826.07117
954.68536,146.99854
789.8179,982.03125
805.5396,499.48343
424.2786,298.9475
583.0886,744.33374
344.734,861.2944
62.309666,625.91876
249.69388,16.892805
553.7116,343.65594
227.04688,790.8403
463.8847,354.95493
36.300217,991.50757
214.99529,766.30023
782.67737,618.37506
564.882,327.03128
777.17163,842.6116
288.3552,29.63273
748.7242,398.6846
255.49655,715.8589
603.01447,698.9214
174.2014,889.7721
606.9228,362.8237
651.9018,146.78294
218.54292,139.07246
775.35297,242.03864
779.6955,390.54083
107.56143,842.01324
941.2108,411.2665
857.3793,429.91107
0.822395,849.21875
989.98254,668.50323
299.3302,419.82553
215.39859,763.27344
442.76575,912.6124
117.44231,14.259653
396.60873,216.93413
166.86528,796.73254
432.6779,722.6657
0.21905449,668.86316
500.13647,987.8507
139.87738,168.7871
839.12506,7.687738
280.85876,133.98181
558.85394,767.86945
376.53513,52.631073
461.5572,20.17051
18.00852,39.658653
609.53204,379.31393
20.882137,519.37067
4.5560575,907.5288
708.3483,592.1542
277.29596,326.84357
110.96039,364.43756
468.8922,879.04376
191.15189,229.12538
827.723,639.3545
244.51015,197.97916
41.42237,782.2914
830.00867,907.9224
477.54718,896.7561
937.8462,850.007
815.8582,952.3368
616.2371,702.7844
921.0005,929.90375
947.44165,391.0851
926.4384,446.97653
88.52162,636.7151
278.82272,931.9699
73.75039,319.33832
926.53406,31.308645
213.30348,923.8199
926.9713,969.53467
216.79953,714.5637
494.22037,524.91327
620.45776,47.886154
912.06177,131.6762
703.08344,410.22446
796.84393,374.9242
838.78705,352.98682
910.5704,805.3434
153.28995,484.10892
96.61862,568.2724
425.8629,71.88941
938.8303,815.29126
410.39032,618.4348
429.28012,246.38391
136.74754,968.05145
270.85318,416.86105
297.62466,130.1811
437.83105,635.6117
526.12524,16.983574
271.00497,379.8848
225.91301,722.42786
693.40735,156.68456
628.37634,802.76166
98.570984,651.99786
920.2244,257.48575
85.29793,826.45245
610.12415,555.46893
491.23785,339.63867
784.4345,102.59611
112.14803,315.21124
539.786,5.3496485
84.52611,995.0178
674.20337,848.98346
156.37804,272.88684
668.66034,479.45526
974.2032,447.33777
97.40418,455.04114
73.849,787.36066
868.08044,916.5649
478.70895,666.5445
111.63512,114.43125
680.8058,88.217224
117.16654,726.16064
308.62463,397.89157
438.34418,399.8809
970.1294,859.1957
185.70702,667.23926
600.2163,555.5989
563.0998,483.455
138.92976,772.62604
906.70044,172.74199
520.0845,613.887
841.53723,484.0877
759.5098,109.13123
683.08954,795.3827
397.9508,483.66772
880.51245,243.15323
675.7326,575.87726
123.21814,700.6567
594.61334,613.17303
713.9955,78.8576
456.8226,686.6511
949.5426,382.81052
562.1015,300.8033
543.2326,320.2322
490.63196,317.0492
575.12897,29.555098
803.06177,458.47574
60.71102,671.51105
48.403713,298.0565
992.4669,211.30188
686.406,313.75473
627.4551,707.67206
903.0627,161.29825
869.1319,820.705
326.25272,789.0452
823.18713,51.924717
333.06546,399.2453
994.8265,438.2894
981.19354,546.13025
138.88235,35.92434
593.84064,853.6542
474.33276,549.9467
680.91534,934.33374
831.2511,893.4948
188.85072,95.52321
310.90628,292.0802
37.2096,330.5907
208.67761,788.64087
522.307,909.84644
274.64325,650.1797
446.40027,609.7046
868.1483,228.63123
765.56824,248.44545
200.35197,286.60797
140.22144,733.07465
652.6996,662.9336
19.254831,264.1619
109.46039,423.38022
792.1757,694.1729
348.9173,318.78333
103.10948,289.6903
800.49,455.71664
636.4052,309.05408
394.01837,574.1661
555.6359,874.3338
802.6282,222.15088
306.10532,590.1772
112.04648,418.9968
675.5463,241.96344
836.92975,106.97475
848.51404,691.82227
248.71252,805.27563
687.0495,783.46185
179.67964,400.8004
623.50665,665.3823
824.4117,937.0018
361.01025,446.9339
572.44653,595.0217
42.82768,512.81195
574.94745,800.62744
674.01196,138.96367
573.3608,535.95557
356.9916,276.51395
499.49518,486.8322
337.35297,500.20102
494.14575,614.4448
946.88293,153.94534
285.33496,104.399475
278.00815,668.5574
317.43542,416.70386
827.0876,875.2237
628.88617,336.9765
403.58768,893.2928
238.90857,512.18787
317.986,832.01526
722.5743,943.4986
233.32304,113.27559
728.7713,304.2676
93.640175,695.9861
427.06183,753.05945
227.11234,862.6953
257.11874,119.49051
62.505226,515.0975
898.37396,955.0083
894.6559,117.510704
77.707634,961.2093
787.9968,526.02655
689.45056,735.0554
16.713564,945.91376
714.6706,603.3596
405.946,170.99422
595.6556,558.16724
560.51465,76.09105
46.703697,950.1681
245.9722,57.28046
763.7756,649.0324
121.35216,744.564
133.25836,837.5712
613.8062,847.7092
834.0379,470.87946
972.3921,438.38873
177.26888,702.1278
441.5942,320.38376
134.68031,253.42819
54.72974,394.49667
268.9468,793.2041
763.2134,85.9536
198.60312,870.75543
489.72318,969.4585
805.1737,854.2157
221.6318,700.69464
121.63498,619.85675
445.63657,242.9508
729.02295,448.7043
65.34255,163.68338
531.94385,700.6849
440.6233,468.20795
983.9424,357.03317
340.90378,36.346615
190.12422,448.44672
414.0808,232.74022
827.129,719.4812
238.6162,672.66797
489.49155,618.94006
148.4084,442.59888
896.62646,851.517
798.36884,298.33255
376.1161,277.71057
873.1989,493.4704
176.67706,907.0348
432.68463,927.0902
458.12598,93.81128
133.8958,241.87999
255.85971,815.3324
973.9969,352.6203
323.81232,88.945305
256.94708,639.78674
522.54425,167.6139
203.18803,704.1772
338.06622,142.77287
993.4865,145.8508
192.19441,978.7968
66.4217,304.29944
436.6799,805.1644
173.57451,276.6542
311.04977,500.4061
37.29969,816.86285
688.0428,216.18074
453.0288,911.1568
130.71866,510.33563
331.37473,923.75916
641.76373,184.56102
484.87723,211.66791
498.2128,755.2586
930.0505,18.48142
733.7509,725.5011
97.46287,274.61584
155.95511,471.46835
620.90015,654.8975
267.28055,608.502
311.23364,874.39545
96.29197,159.93031
511.43457,739.4925
739.5853,716.0707
276.24698,913.5759
365.04095,41.326736
723.3513,705.36194
533.4944,264.05402
462.4212,442.74985
958.6058,866.8755
224.29628,156.23677
243.65582,184.38762
684.5647,363.304
709.189,10.703692
4.1682076,718.821
156.8728,221.04005
794.2142,176.39444
302.63452,19.558273
52.998432,91.72379
656.0848,539.9344
120.31337,391.4061
823.43024,45.633633
847.4363,529.2672
567.5249,903.6278
990.763,457.17844
471.4032,838.29877
302.8718,248.45033
720.58514,711.5312
916.874,329.27884
344.63736,220.50409
398.22675,497.35156
239.92006,456.4489
272.75446,36.604088
433.14597,225.65012
930.4457,273.25027
339.3204,398.22125
551.6622,860.59216
217.82973,320.69846
105.71763,928.74866
636.88837,505.24966
531.3535,990.3248
519.2516,391.30704
924.4601,154.1757
261.04514,964.68695
930.46045,766.803
490.75974,414.77017
567.09656,74.55371
266.90207,812.0728
387.92615,879.675
900.4903,996.5455
237.65874,449.40936
132.52731,481.19717
847.5316,129.7006
96.78007,196.14795
172.24455,213.71031
354.63824,324.97086
679.5434,620.23047
301.52185,318.19354
769.36365,848.2082
413.25168,408.0865
121.51398,490.98312
125.99235,594.3724
49.20103,317.46988
624.8228,122.25016
870.2669,557.4008
453.6848,932.1338
898.83075,563.87805
653.40424,424.76474
907.09674,468.86496
84.67719,155.8638
810.4103,795.88196
699.35596,751.2469
888.21564,249.05263
786.06714,416.33658
69.38711,58.780098
635.1383,903.2585
682.47784,331.7158
643.0054,694.22125
599.74896,826.316
607.7183,461.6338
888.41345,455.16382
854.858,573.42474
923.3487,601.3679
877.1214,526.2836
412.6021,28.730871
371.0301,710.05286
940.3349,764.01434
910.659,833.2581
441.41864,834.50964
10.980666,672.7697
487.7202,155.25616
2.3638623,549.8488
388.18124,177.63225
962.96094,80.33756
883.1174,134.67654
937.1643,298.51135
647.7341,848.37976
806.00714,212.1184
910.6757,100.320526
469.32828,210.3908
240.49477,509.4016
449.71863,517.3176
956.24817,709.07465
634.70844,59.229626
677.99896,371.32623
636.3534,698.752
248.82054,285.8287
166.32043,776.4406
631.9722,270.044
899.7712,296.92294
415.23438,159.70012
532.78436,898.1256
238.96165,508.9435
125.756355,950.1756
805.2345,915.60284
369.16147,744.82104
122.55698,79.38322
108.251366,756.7263
293.87222,799.44165
319.71704,384.75186
465.234,122.67879
746.0319,414.33875
518.2963,765.21313
562.1411,681.37524
711.8506,746.88806
774.3556,63.42997
755.962,902.29456
532.75726,975.9948
736.8265,561.6744
176.1143,9.388245
901.28955,231.20247
622.2524,206.22705
557.03906,544.53
667.0234,749.8834
247.80453,106.101105
861.45685,511.10086
922.465,101.64072
899.37646,982.9512
32.789303,712.34296
866.70764,623.57196
366.6003,436.67227
278.89914,521.6325
951.4788,397.32233
564.3252,601.23285
548.6889,590.76117
539.232,290.9497
97.830505,822.9229
463.73532,695.9999
969.79224,766.98975
468.57407,832.9998
38.900658,177.84102
498.7671,413.55853
394.72983,802.6277
433.01828,995.9472
979.8575,938.06555
706.6586,63.34862
561.9229,902.42065
591.1101,732.6961
226.66301,913.79584
264.30145,349.86972
13.172326,996.2078
944.1606,185.02507
403.45453,571.0789
651.25494,806.0891
125.40135,334.14902
616.8449,478.9633
131.65706,866.447
959.06195,119.733
676.3955,182.8431
12.617875,907.1916
127.857956,82.836975
616.3969,653.24176
526.5699,735.6187
738.4778,424.24826
927.47504,405.07278
49.578125,708.1717
248.79584,600.2785
443.6093,630.32135
691.2493,223.19188
47.974365,334.8235
788.3177,477.57846
966.4374,669.40857
801.5939,401.89758
853.83844,737.87885
484.79138,893.7232
434.62262,717.6263
205.82977,4.417669
246.09775,578.827
38.475594,100.15855
212.53023,987.44867
713.34045,209.05128
137.63402,725.9618
252.60718,503.94287
840.7031,423.65793
703.6759,406.68503
455.58276,252.73071
633.99194,241.97818
361.8707,516.7879
952.6378,717.5595
324.18414,735.2176
183.84186,762.38257
678.02454,909.84076
533.3767,415.5675
819.71625,149.53961
960.89014,526.28455
833.0922,724.0596
999.5328,998.3655
817.04254,919.94006
248.81555,193.32162
365.74057,779.5369
307.45154,891.5788
697.30334,918.3582
410.00687,904.12305
126.83964,136.44125
184.50488,25.383
936.2851,466.25778
757.69904,523.05927
206.1182,632.6422
900.55,771.74133
842.99567,639.49426
28.512127,954.53845
862.54297,343.51627
649.5563,980.5806
967.97925,427.0037
287.42426,896.13165
602.9517,139.7133
998.43225,103.186165
950.9011,544.0934
347.2101,641.80786
803.47235,768.6666
110.08327,641.09717
826.9336,951.1155
34.37575,798.56024
518.25854,135.62607
697.7313,408.78406
61.474667,378.30576
883.6215,29.704565
370.07407,709.997
917.52875,348.3885
832.73004,407.56763
92.863716,188.13136
667.25586,232.76537
656.49603,884.80786
331.69055,911.9835
820.84705,452.793
141.58821,150.7903
922.8161,59.405308
99.035934,903.8345
159.37816,331.7068
951.61865,453.74603
295.5155,930.6261
668.4956,91.909355
362.21234,644.7554
845.94714,839.4938
640.5643,979.8026
36.198586,698.88464
162.62418,849.566
631.0192,383.665
550.4252,510.42786
725.5437,339.55667
261.6937,323.7493
337.95557,139.23734
214.08423,279.18005
467.12024,10.706689
319.33875,466.77945
732.9475,341.8847
674.5933,846.97876
763.212,493.38086
30.125648,734.79663
65.75168,146.88223
681.1563,388.3537
856.4145,718.36584
115.888535,971.61304
200.81308,73.347916
592.7897,947.40845
871.89764,895.64166
317.18933,649.20374
525.54956,581.6017
40.589252,378.65897
152.84431,458.59238
715.6491,880.9638
280.32794,459.4236
305.6344,461.02924
58.596577,123.75704
969.18225,321.01273
204.66298,942.9922
619.5602,923.28485
745.04083,616.90076
292.16516,312.82727
644.1712,748.2842
844.8294,369.1858
696.7627,866.1883
262.56946,900.48444
512.8101,438.71664
241.736,340.63956
30.503532,713.24054
788.0925,565.7955
754.93427,804.8137
279.1699,7.1363544
839.44904,442.85602
813.31555,804.612
201.69984,181.678
696.17596,219.74698
97.88202,682.1779
599.9207,905.5864
966.34796,880.04816
271.33755,917.9651
895.72986,470.08795
661.99854,544.6663
772.89935,156.725
7.015594,127.674835
22.538458,547.60913
688.4772,58.605404
862.79034,400.14572
685.47534,38.52556
170.40378,170.09746
34.7043,510.77213
373.9824,456.88858
3.9315395,898.99396
275.39178,992.0048
615.2129,912.5363
337.07602,274.8893
745.5429,717.41583
766.97876,824.9937
279.70285,213.51605
682.9598,289.14963
693.3882,7.268506
745.04285,320.18552
4.2686963,923.9655
906.527,225.72012
244.45369,64.9844
353.93774,875.32294
479.90546,482.58527
280.99,249.73814
930.66504,518.57806
873.18085,317.62866
930.3234,733.0361
767.3241,633.3021
303.993,135.36745
294.2857,163.14076
241.10329,122.4377
13.37204,368.9635
892.6657,127.07029
403.27124,503.30664
732.22296,485.1337
87.14033,404.61795
185.51772,440.5577
638.37823,819.6162
155.98705,525.00354
838.8189,425.5761
851.50793,772.54535
242.52466,277.0563
752.3906,359.6036
36.05494,359.59644
651.43677,296.5041
480.031,297.16656
443.94815,739.4178
667.0126,30.660166
748.89484,340.07123
937.1471,461.47943
502.01898,805.49915
55.74915,637.2707
377.4732,501.243
175.9108,46.123672
266.6609,498.78424
684.4401,981.0577
71.267654,941.6307
260.8714,738.37476
752.0425,984.36084
866.9829,621.468
915.7074,845.0605
928.20734,335.9314
219.44598,703.97064
668.5115,382.324
525.73956,279.79904
416.77023,479.70102
49.891758,920.0278
715.35297,886.0308
708.4015,952.68585
230.58693,720.87445
498.4154,864.4352
789.95746,41.21407
16.810661,593.4534
352.34973,473.07147
162.02913,855.4791
355.33203,659.56866
652.60516,957.5168
677.427,650.33844
243.39836,996.0839
403.5104,627.70056
423.86435,685.5134
687.925,41.779263
942.265,316.70767
272.58963,309.74203
715.5424,507.8751
636.332,723.6009
556.64856,476.16006
326.8649,106.52275
679.44495,532.71246
758.2764,59.354576
125.856064,383.62433
644.5936,347.07663
100.780174,605.29425
283.93024,89.15416
697.33276,355.1637
107.92038,938.2669
648.3166,977.40125
267.58774,358.6527
549.3841,667.99396
539.49347,448.30963
465.17725,774.8381
504.95282,488.55878
951.80054,625.80365
780.3048,549.97784
307.30307,1.3816407
57.66452,35.473343
296.41663,498.4024
853.28424,999.2668
686.61536,67.450294
154.5927,444.82877
679.63525,948.9798
607.17944,575.3018
725.9096,81.77218
489.4349,146.71126
268.94858,812.25464
485.25262,657.27075
682.51117,394.3361
184.14589,95.3477
35.48655,336.79718
313.32544,364.1605
347.72488,128.90497
937.73083,303.03827
684.625,254.80453
251.70334,433.08102
779.1091,693.37396
129.93344,169.31631
866.68353,292.61118
305.51068,261.9563
72.60546,506.25357
899.3507,656.1163
999.74536,985.2155
37.967392,792.3647
131.5563,427.55978
465.50482,609.73126
286.62982,908.10376
381.13904,158.309
639.6404,632.39215
214.40382,780.3416
758.04895,689.6525
688.6913,276.69864
694.75806,915.4812
317.12262,339.89514
423.97946,417.39127
425.17987,805.3236
810.89777,664.9861
900.935,949.1209
865.2814,301.4056
136.40762,144.10318
245.01463,993.8242
42.52827,674.45764
847.5942,708.1634
595.37946,405.38928
855.9524,766.81366
102.8316,305.67764
789.5426,928.04407
268.38693,529.10657
952.43994,511.9101
172.98938,874.98816
